1.98892e+30 5.974e+24
-152592883383.57352 23473805754.464485 -5477.811876453624 -29037.19088171155 15070000.0
-149952330737.97388 -46388195412.45063 7543.082059055057 -28201.273747952182 17470000.0
-121651540284.10703 -103126135874.53784 17761.813004140888 -22720.344500471005 19670000.0
-61430573714.11878 -150384149073.5013 25911.800563194298 -11700.032975852495 22370000.0
18443479064.702763 -164084955311.92422 27988.119731362534 2347.565014612336 25270000.0
91958572018.62772 -139326238611.69473 23546.695107102416 14940.638397803068 28070000.0
150860407529.20544 -73937075879.02858 12403.59889290007 24914.4680995327 31270000.0
168105299972.61743 4189325937.2374954 -746.8656535595917 27908.55220501167 34170000.0
143773477296.02652 86506253965.92824 -14623.22092439858 23997.18204994519 37270000.0
91030133998.75867 140477999358.08856 -23792.18185018152 15279.472947781756 39970000.0
11126806735.150644 166922637779.58954 -28345.701435906332 1960.241988090839 42970000.0
-58760033519.016205 157124341635.2604 -26741.03685994296 -9674.84266241021 45470000.0
-112420913555.219 125747959204.80519 -21503.71297372706 -18508.659126221643 47670000.0
